Date,Time (ET),Account,Direction,Entry,SL,TP,Size,Exit Price,P&L,Fees,Result,Setup,Invalidation,Notes
2026-03-16,11:17 AM,20292418,SHORT,24692.75,24712.75,24652.75,1,24712.75,-40.00,0.74,LOSS,Failed breakout fade at 24700 resistance,Price reclaimed 24700 with consecutive 1-min closes above,"Faded recovery bounce inside opening range — thesis was wrong. 24700 wasn't the range high (24717 was). Should have waited for actual range breakout+fail. No invalidation rule at the time — added post-trade."
2026-03-16,11:52 AM,20292418,LONG,24710.50,24695.50,24750.50,1,24695.50,-30.00,0.74,LOSS,24700 support bounce — 2 consecutive closes above 24705,SL hit — support broke,"Entered long after flush to 24699 and 2 closes above 24705. But the bounce was weak. KEY LESSON: should have used a LIMIT ORDER at 24700 instead of market after confirmation. Market entry at 24710.50 was 10pts worse than the level — made SL too tight. A limit at 24700 with same 15pt SL (24685) would have survived the 24693 low and caught the recovery."
2026-03-16,12:17 PM,20292418,LONG,24660.00,24645.00,24700.00,1,24645.00,-30.00,0.74,LOSS,Limit long at OR Low 24660 — double bottom thesis,SL hit at 24645,"Limit at the level was the right approach — got exact fill at 24660. But 24660 OR Low didn't hold as support this time. Price was in a downtrend all session (lower highs lower lows). Lesson: don't buy support in a strong downtrend. 3 consecutive losses — mandatory 30min pause."
2026-03-16,12:52 PM,20292418,SHORT,24700.00,24715.00,24660.00,1,24715.00,-30.00,0.74,LOSS,Limit short at 24700 resistance — trade with downtrend,SL hit — 1 PM volume spike ripped through 24700 to 24720,"Switched to shorting with the trend — right idea. But 1 PM ET volume burst (likely institutional buying) blew through the level. Lesson: be aware of time-of-day volume spikes at 1 PM ET (lunch ends). 4 losses today. Daily P&L -$131. Near daily loss limit."
